297.989000					322.821417	327.787900							355.103558				387.385700																										546.313167
297.989000					322.821417							347.653833							387.385700					417.184600				451.949983
297.989000					322.821417							347.653833																										484.232125	521.480750							564.937479
297.989000					322.821417																				409.734875				443.879448							484.232125							546.313167
297.989000								327.787900				347.653833				382.419217								417.184600																			546.313167
297.989000								327.787900													387.385700		409.734875													484.232125				532.655337
297.989000								327.787900																	409.734875	417.184600													521.480750										573.628825
297.989000											338.962487										387.385700					417.184600										484.232125	521.480750
297.989000														347.653833											409.734875										478.024021				521.480750				546.313167
				310.715614	322.821417										355.103558														443.879448	451.949983																564.937479
				310.715614				327.787900							355.103558	382.419217																										532.655337							573.628825
				310.715614							338.962487				355.103558				387.385700											451.949983										532.655337
				310.715614							338.962487							382.419217								417.184600				451.949983																			573.628825
				310.715614							338.962487																				443.879448							484.232125				532.655337				564.937479
				310.715614							338.962487																										478.024021				521.480750							564.937479	573.628825
				310.715614										347.653833				382.419217														451.949983	478.024021													564.937479
				310.715614													355.103558	382.419217											443.879448				478.024021										546.313167
				310.715614																							409.734875				443.879448				478.024021							532.655337							573.628825
							322.821417				338.962487										387.385700											451.949983				484.232125										564.937479
							322.821417							347.653833	355.103558	382.419217														451.949983																546.313167
							322.821417							347.653833																	443.879448				478.024021										546.313167	564.937479
							322.821417										355.103558				387.385700								443.879448							484.232125				532.655337
										327.787900	338.962487										387.385700					417.184600																532.655337							573.628825
										327.787900							355.103558	382.419217	387.385700					417.184600				451.949983
										327.787900							355.103558								409.734875				443.879448													532.655337	546.313167
										327.787900										382.419217					409.734875										478.024021										546.313167				573.628825
													338.962487	347.653833														417.184600				451.949983							521.480750				564.937479
													338.962487														409.734875													484.232125	521.480750	532.655337							573.628825
																347.653833				382.419217								417.184600							478.024021				521.480750										573.628825
																													409.734875				443.879448				478.024021	484.232125	521.480750				564.937479